-54.12209701538086 -75.27034759521484
-54.141212463378906 -73.70283508300781
-54.14179611206055 -72.12275695800781
-54.123104095458984 -70.53173828125
-54.08445358276367 -68.93157958984375
-54.02522659301758 -67.3242416381836
-53.944881439208984 -65.71180725097656
-53.84297180175781 -64.09648132324219
-53.71915817260742 -62.48057174682617
-53.57319259643555 -60.86642837524414
-53.40496063232422 -59.2564697265625
-53.214454650878906 -57.65312194824219
-53.00181579589844 -56.05878829956055
-52.76729965209961 -54.4758186340332
-52.511314392089844 -52.906494140625
-52.23438262939453 -51.35298156738281
-51.93716812133789 -49.817317962646484
-51.620460510253906 -48.301368713378906
-51.2851676940918 -46.80683517456055
-50.932308197021484 -45.335208892822266
-50.56299591064453 -43.88777542114258
-50.178436279296875 -42.46560287475586
-49.77991485595703 -41.06953811645508
-49.3687744140625 -39.700199127197266
-48.946407318115234 -38.35800552368164
-48.51422119140625 -37.043148040771484
-48.073665618896484 -35.7556266784668
-47.62616729736328 -34.49525833129883
-47.173160552978516 -33.261688232421875
-46.71603775024414 -32.054412841796875
-46.25617218017578 -30.872783660888672
-45.79487991333008 -29.71605110168457
-45.33342361450195 -28.583356857299805
-44.87299728393555 -27.4737606048584
-44.414737701416016 -26.386266708374023
-43.95970153808594 -25.31982421875
-43.50886917114258 -24.273345947265625
-43.06313705444336 -23.245729446411133
-42.62332534790039 -22.23586082458496
-42.190181732177734 -21.242630004882812
-41.76436233520508 -20.264928817749023
-41.34646224975586 -19.30167579650879
-40.93698501586914 -18.351802825927734
-40.536376953125 -17.414278030395508
-40.145023345947266 -16.488094329833984
-39.76321792602539 -15.57228946685791
-39.39122772216797 -14.665926933288574
-39.02924346923828 -13.76811408996582
-38.67741775512695 -12.877996444702148
-38.33584213256836 -11.994755744934082
-38.004581451416016 -11.117618560791016
-37.683650970458984 -10.245841979980469
-37.3730354309082 -9.378724098205566
-37.07268524169922 -8.515596389770508
-36.78252410888672 -7.655828952789307
-36.50246047973633 -6.798818588256836
-36.23236846923828 -5.94399881362915
-35.97210693359375 -5.090829372406006
-35.72153091430664 -4.238800525665283
-35.48046875 -3.387427806854248
-35.248748779296875 -2.5362539291381836
-35.02618408203125 -1.6848422288894653
-34.81258773803711 -0.8327808380126953
-34.60776138305664 0.020322097465395927
-34.411521911621094 0.8748385906219482
-34.22365951538086 1.7311222553253174
-34.04399108886719 2.5895094871520996
-33.872318267822266 3.450319290161133
-33.70844268798828 4.313857078552246
-33.55218505859375 5.1804118156433105
-33.40336227416992 6.050259113311768
-33.26179885864258 6.923662185668945
-33.1273078918457 7.8008713722229
-32.99973678588867 8.682123184204102
-32.878910064697266 9.567644119262695
-32.76467514038086 10.457649230957031
-32.65687561035156 11.352339744567871
-32.55535888671875 12.251908302307129
-32.45998001098633 13.156534194946289
-32.37058639526367 14.066385269165039
-32.287044525146484 14.981618881225586
-32.20919418334961 15.902375221252441
-32.13690185546875 16.828786849975586
-32.07000732421875 17.760971069335938
-32.008358001708984 18.699024200439453
-31.9517879486084 19.643037796020508
-31.900135040283203 20.593074798583984
-31.85321617126465 21.5491886138916
-31.810836791992188 22.51140594482422
-31.772794723510742 23.479738235473633
-31.738868713378906 24.45416831970215
-31.708824157714844 25.434659957885742
-31.68240737915039 26.421144485473633
-31.659347534179688 27.413532257080078
-31.639354705810547 28.411699295043945
-31.62212371826172 29.415489196777344
-31.607328414916992 30.424720764160156
-31.59462547302246 31.439172744750977
-31.583654403686523 32.458595275878906
-31.57404899597168 33.482696533203125
-31.565420150756836 34.51115798950195
-31.557376861572266 35.54362869262695
-31.54952049255371 36.5797233581543
-31.541454315185547 37.619022369384766
-31.532779693603516 38.66108703613281
-31.523101806640625 39.70545196533203
-31.512048721313477 40.75161361694336
-31.499252319335938 41.799076080322266
-31.484365463256836 42.84731674194336
-31.467069625854492 43.895809173583984
-31.447067260742188 44.944007873535156
-31.424095153808594 45.99139404296875
-31.39792251586914 47.03742980957031
-31.36835479736328 48.081607818603516
-31.33523178100586 49.12343215942383
-31.298431396484375 50.16241455078125
-31.25787353515625 51.1981086730957
-31.213512420654297 52.23008728027344
-31.16534423828125 53.25795364379883
-31.11339569091797 54.28133773803711
-31.05773162841797 55.29991912841797
-30.99845314025879 56.31341552734375
-30.935684204101562 57.32155990600586
-30.869583129882812 58.32414245605469
-30.80032730102539 59.32099151611328
-30.728126525878906 60.31195831298828
-30.653200149536133 61.29694747924805
-30.575790405273438 62.2758903503418
-30.496152877807617 63.24875259399414
-30.41455078125 64.21553802490234
-30.331260681152344 65.17625427246094
-30.246566772460938 66.13097381591797
-30.160755157470703 67.07978820800781
-30.074111938476562 68.02278900146484
-29.986927032470703 68.9601058959961
-29.899490356445312 69.89189910888672
-29.812082290649414 70.81832122802734
-29.72498321533203 71.73957824707031
-29.63846778869629 72.65583038330078
-29.55280113220215 73.56731414794922
-29.46824073791504 74.47425079345703
-29.385032653808594 75.37684631347656
-29.303417205810547 76.27533721923828
-29.223621368408203 77.16998291015625
-29.145856857299805 78.06100463867188
-29.070327758789062 78.94864654541016
-28.997220993041992 79.83317565917969
-28.926712036132812 80.71483612060547
-28.858963012695312 81.59385681152344
-28.79412078857422 82.47047424316406
-28.732315063476562 83.34496307373047
-28.673664093017578 84.21751403808594
-28.618270874023438 85.0884017944336
-28.56622314453125 85.95782470703125
-28.517589569091797 86.82599639892578
-28.47242546081543 87.69314575195312
-28.43077278137207 88.55945587158203
-28.392656326293945 89.4251480102539
-28.358089447021484 90.29036712646484
-28.32706642150879 91.15531921386719
-28.2995662689209 92.02017211914062
-28.275562286376953 92.88504791259766
-28.2550048828125 93.75010681152344
-28.23783302307129 94.61548614501953
-28.223981857299805 95.48130798339844
-28.213361740112305 96.34764862060547
-28.205886840820312 97.21464538574219
-28.201448440551758 98.08234405517578
-28.199935913085938 98.9508285522461
-28.201231002807617 99.82015228271484
-28.205204010009766 100.69037628173828
-28.21172332763672 101.56150817871094
-28.220651626586914 102.43358612060547
-28.231849670410156 103.3066177368164
-28.24517250061035 104.18058013916016
-28.260480880737305 105.05548858642578
-28.277626037597656 105.93130493164062
-28.296472549438477 106.80799102783203
-28.316875457763672 107.68549346923828
-28.33870506286621 108.56378936767578
-28.361827850341797 109.44279479980469
-28.386127471923828 110.32245635986328
-28.411481857299805 111.20267486572266
-28.43778419494629 112.0833969116211
-28.464941024780273 112.96453094482422
-28.49285888671875 113.84600067138672
-28.521467208862305 114.7276840209961
-28.55069351196289 115.6095199584961
-28.580482482910156 116.49139404296875
-28.610797882080078 117.37322235107422
-28.6416015625 118.25492095947266
-28.672883987426758 119.13639068603516
-28.704631805419922 120.01754760742188
-28.736854553222656 120.8983154296875
-28.769569396972656 121.7785873413086
-28.802806854248047 122.6583251953125
-28.836606979370117 123.53742980957031
-28.87101936340332 124.41584777832031
-28.906105041503906 125.29351043701172
-28.941936492919922 126.1703872680664
-28.978591918945312 127.04643249511719
-29.016155242919922 127.92160034179688
-29.054719924926758 128.79583740234375
-29.094383239746094 129.66917419433594
-29.135251998901367 130.54156494140625
-29.177427291870117 131.41297912597656
-29.22102165222168 132.28346252441406
-29.266151428222656 133.15301513671875
-29.31292152404785 134.0216064453125
-29.361448287963867 134.8893280029297
-29.411846160888672 135.75613403320312
-29.464216232299805 136.6221160888672
-29.518674850463867 137.48727416992188
-29.575319290161133 138.35166931152344
-29.63425064086914 139.21534729003906
-29.69556427001953 140.078369140625
-29.759342193603516 140.94076538085938
-29.825674057006836 141.80264282226562
-29.89463233947754 142.66404724121094
-29.966279983520508 143.52505493164062
-30.040681838989258 144.38572692871094
-30.117889404296875 145.24612426757812
-30.19794464111328 146.10633850097656
-30.280885696411133 146.96641540527344
-30.366735458374023 147.82647705078125
-30.455514907836914 148.68658447265625
-30.54723358154297 149.5468292236328
-30.641891479492188 150.40724182128906
-30.739484786987305 151.26792907714844
-30.839996337890625 152.1289825439453
-30.943405151367188 152.99046325683594
-31.0496826171875 153.8524169921875
-31.15879249572754 154.7149658203125
-31.270692825317383 155.57814025878906
-31.385334014892578 156.44200134277344
-31.50266456604004 157.30667114257812
-31.622623443603516 158.17214965820312
-31.74515151977539 159.03854370117188
-31.870182037353516 159.9058837890625
-31.99764633178711 160.77423095703125
-32.127471923828125 161.64361572265625
-32.25958251953125 162.51414489746094
-32.393917083740234 163.38580322265625
-32.5303840637207 164.2586669921875
-32.668914794921875 165.13275146484375
-32.8094367980957 166.00814819335938
-32.95186996459961 166.88479614257812
-33.096153259277344 167.7628173828125
-33.24220275878906 168.6421661376953
-33.389949798583984 169.5229034423828
-33.539337158203125 170.40505981445312
-33.6902961730957 171.28860473632812
-33.84276580810547 172.17359924316406
-33.99668502807617 173.0600128173828
-34.152000427246094 173.9478759765625
-34.30866622924805 174.83717346191406
-34.46662521362305 175.72793579101562
-34.62583541870117 176.62014770507812
-34.78626251220703 177.5137939453125
-34.94785690307617 178.40887451171875
-35.110599517822266 179.30535888671875
-35.192 180.0
-35.192 -180.0
-35.274444580078125 -179.7967071533203
-35.439369201660156 -178.8973846435547
-35.60535430908203 -177.9967041015625
-35.772369384765625 -177.09461975097656
-35.940391540527344 -176.1912078857422
-36.10941696166992 -175.2864532470703
-36.279415130615234 -174.38038635253906
-36.450382232666016 -173.47303771972656
-36.62230682373047 -172.56442260742188
-36.795169830322266 -171.65457153320312
-36.968971252441406 -170.74351501464844
-37.14369583129883 -169.83126831054688
-37.3193359375 -168.91781616210938
-37.49588394165039 -168.00326538085938
-37.673343658447266 -167.08755493164062
-37.8516960144043 -166.17076110839844
-38.03094482421875 -165.25286865234375
-38.21107864379883 -164.33395385742188
-38.39209747314453 -163.41395568847656
-38.5739860534668 -162.49295043945312
-38.75674819946289 -161.57093811035156
-38.940372467041016 -160.64794921875
-39.124855041503906 -159.7239532470703
-39.31019592285156 -158.79898071289062
-39.49638366699219 -157.87303161621094
-39.68341827392578 -156.9460906982422
-39.87129211425781 -156.01820373535156
-40.05999755859375 -155.08934020996094
-40.249549865722656 -154.15948486328125
-40.43992614746094 -153.22862243652344
-40.63113784790039 -152.2967529296875
-40.82318878173828 -151.3638458251953
-41.01607131958008 -150.42987060546875
-41.20979309082031 -149.49481201171875
-41.404361724853516 -148.55862426757812
-41.59978103637695 -147.6212615966797
-41.79606628417969 -146.6826629638672
-41.993221282958984 -145.74278259277344
-42.19126510620117 -144.80160522460938
-42.39020538330078 -143.85899353027344
-42.590065002441406 -142.91488647460938
-42.79085922241211 -141.96923828125
-42.99260711669922 -141.02194213867188
-43.19533920288086 -140.0728759765625
-43.39906692504883 -139.12197875976562
-43.60382080078125 -138.16908264160156
-43.809627532958984 -137.2140655517578
-44.01650619506836 -136.25682067871094
-44.224483489990234 -135.2971954345703
-44.433589935302734 -134.3350067138672
-44.64384078979492 -133.37008666992188
-44.85526657104492 -132.4022674560547
-45.06787872314453 -131.4313507080078
-45.281707763671875 -130.45709228515625
-45.496761322021484 -129.47930908203125
-45.713043212890625 -128.4977569580078
-45.930564880371094 -127.51213073730469
-46.14932632446289 -126.5221939086914
-46.36932373046875 -125.52766418457031
-46.59053039550781 -124.52820587158203
-46.81293869018555 -123.52352905273438
-47.036502838134766 -122.51325988769531
-47.26118469238281 -121.4970474243164
-47.4869270324707 -120.4745101928711
-47.71365737915039 -119.44524383544922
-47.941307067871094 -118.40882110595703
-48.169769287109375 -117.36481475830078
-48.39892578125 -116.312744140625
-48.628662109375 -115.25215148925781
-48.85881042480469 -114.18251037597656
-49.08920669555664 -113.10331726074219
-49.31965637207031 -112.01403045654297
-49.54995346069336 -110.91407775878906
-49.77984619140625 -109.80292510986328
-50.00908279418945 -108.6799545288086
-50.23736572265625 -107.5445785522461
-50.46437454223633 -106.39618682861328
-50.68976593017578 -105.23416900634766
-50.91315460205078 -104.05792999267578
-51.13413619995117 -102.86681365966797
-51.35226058959961 -101.66024780273438
-51.56706237792969 -100.4376220703125
-51.77802276611328 -99.19833374023438
-51.98460006713867 -97.94186401367188
-52.18620681762695 -96.66764831542969
-52.382240295410156 -95.37521362304688
-52.57204055786133 -94.06411743164062
-52.75492477416992 -92.73397064208984
-52.930171966552734 -91.38445281982422
-53.09703063964844 -90.01533508300781
-53.25472640991211 -88.62645721435547
-53.40245056152344 -87.21775817871094
-53.539363861083984 -85.78929901123047
-53.66461181640625 -84.34127044677734
-53.77733612060547 -82.87398529052734
-53.87663650512695 -81.38790130615234
-53.961647033691406 -79.88362884521484
-54.03147506713867 -78.36195373535156
-54.08523941040039 -76.82382202148438
