-64.32621002197266 -79.43859100341797
-64.39958190917969 -77.75067138671875
-64.45963287353516 -76.0466537475586
-64.50589752197266 -74.32805633544922
-64.53793334960938 -72.5965805053711
-64.55529022216797 -70.85401153564453
-64.5576400756836 -69.10232543945312
-64.5446548461914 -67.34357452392578
-64.51608276367188 -65.57990264892578
-64.4717025756836 -63.813533782958984
-64.411376953125 -62.04674530029297
-64.33504486083984 -60.28184127807617
-64.24268341064453 -58.5211181640625
-64.13434600830078 -56.76687240600586
-64.01017761230469 -55.02133560180664
-63.870357513427734 -53.28667449951172
-63.71515655517578 -51.564964294433594
-63.54490280151367 -49.85816955566406
-63.359989166259766 -48.168128967285156
-63.160858154296875 -46.496524810791016
-62.948028564453125 -44.844886779785156
-62.722042083740234 -43.21459197998047
-62.4835205078125 -41.60681915283203
-62.233089447021484 -40.02260208129883
-61.9714469909668 -38.4627685546875
-61.69929504394531 -36.92798614501953
-61.4173698425293 -35.41875457763672
-61.12642288208008 -33.93539810180664
-60.82722473144531 -32.47809600830078
-60.520545959472656 -31.046878814697266
-60.20716857910156 -29.64163589477539
-59.88786315917969 -28.262136459350586
-59.563392639160156 -26.908023834228516
-59.23452377319336 -25.578857421875
-58.9019889831543 -24.27408790588379
-58.56650924682617 -22.993101119995117
-58.22879409790039 -21.73520278930664
-57.88950729370117 -20.49964714050293
-57.54930877685547 -19.285640716552734
-57.20880889892578 -18.092348098754883
-56.86859893798828 -16.918909072875977
-56.529232025146484 -15.76443862915039
-56.19124221801758 -14.628035545349121
-55.85511016845703 -13.508793830871582
-55.521297454833984 -12.405804634094238
-55.19022750854492 -11.31816291809082
-54.86228561401367 -10.244972229003906
-54.53783416748047 -9.185342788696289
-54.21718978881836 -8.138408660888672
-53.90065002441406 -7.10331392288208
-53.58847427368164 -6.079227924346924
-53.28089141845703 -5.065340518951416
-52.97810745239258 -4.0608673095703125
-52.680301666259766 -3.0650463104248047
-52.38762283325195 -2.07714581489563
-52.10019302368164 -1.096458077430725
-51.818119049072266 -0.12230445444583893
-51.54148483276367 0.8459670543670654
-51.27034378051758 1.8089799880981445
-51.00474548339844 2.7673306465148926
-50.744712829589844 3.7215871810913086
-50.490257263183594 4.672292232513428
-50.24136734008789 5.619959354400635
-49.998023986816406 6.565077781677246
-49.76020050048828 7.5081095695495605
-49.52784729003906 8.449491500854492
-49.300907135009766 9.389636993408203
-49.079322814941406 10.328932762145996
-48.86302185058594 11.267742156982422
-48.651920318603516 12.206406593322754
-48.445919036865234 13.145242691040039
-48.244937896728516 14.08454418182373
-48.048858642578125 15.02458381652832
-47.857582092285156 15.965609550476074
-47.670989990234375 16.90785026550293
-47.488956451416016 17.85150909423828
-47.31135559082031 18.796770095825195
-47.13805389404297 19.74379539489746
-46.96891403198242 20.692724227905273
-46.80378723144531 21.643672943115234
-46.64253234863281 22.596736907958984
-46.484989166259766 23.55198860168457
-46.33099365234375 24.509477615356445
-46.180381774902344 25.4692325592041
-46.03298568725586 26.431257247924805
-45.88862991333008 27.395532608032227
-45.74713134765625 28.36202049255371
-45.60831069946289 29.33065414428711
-45.471981048583984 30.301345825195312
-45.337947845458984 31.273988723754883
-45.20601272583008 32.248451232910156
-45.075992584228516 33.224578857421875
-44.947689056396484 34.20220184326172
-44.8209114074707 35.181121826171875
-44.69544982910156 36.1611328125
-44.571136474609375 37.141998291015625
-44.44776916503906 38.12348175048828
-44.325164794921875 39.105316162109375
-44.203163146972656 40.08723068237305
-44.081581115722656 41.068946838378906
-43.96025848388672 42.05016326904297
-43.83905792236328 43.03059387207031
-43.717838287353516 44.009925842285156
-43.59646224975586 44.98786163330078
-43.474822998046875 45.9640998840332
-43.35281753540039 46.93833923339844
-43.23036575317383 47.910282135009766
-43.10738754272461 48.879638671875
-42.98383331298828 49.84613037109375
-42.85966110229492 50.80949401855469
-42.73484420776367 51.769474029541016
-42.609378814697266 52.725826263427734
-42.483253479003906 53.67832946777344
-42.356502532958984 54.62677764892578
-42.22915267944336 55.57097625732422
-42.10125732421875 56.510765075683594
-41.972869873046875 57.445980072021484
-41.84406280517578 58.37650680541992
-41.71491622924805 59.302223205566406
-41.58552932739258 60.22304153442383
-41.45600128173828 61.138893127441406
-41.32644271850586 62.049720764160156
-41.19697570800781 62.95550537109375
-41.067726135253906 63.85621643066406
-40.938819885253906 64.75187683105469
-40.81039047241211 65.64250183105469
-40.682579040527344 66.52811431884766
-40.55552673339844 67.40880584716797
-40.429378509521484 68.28459930419922
-40.30427932739258 69.15562438964844
-40.18037414550781 70.02193450927734
-40.05780029296875 70.8836669921875
-39.936702728271484 71.74092102050781
-39.81722640991211 72.5938491821289
-39.69951248168945 73.44255828857422
-39.583683013916016 74.28720092773438
-39.46988296508789 75.12794494628906
-39.35823440551758 75.96492767333984
-39.248863220214844 76.7983169555664
-39.141883850097656 77.62828063964844
-39.03740310668945 78.45500183105469
-38.93553924560547 79.27864074707031
-38.836387634277344 80.09935760498047
-38.74003982543945 80.91735076904297
-38.646583557128906 81.73279571533203
-38.556095123291016 82.54585266113281
-38.468658447265625 83.35670471191406
-38.38433074951172 84.16553497314453
-38.30316925048828 84.97249603271484
-38.2252311706543 85.77776336669922
-38.15055465698242 86.58149719238281
-38.07917785644531 87.38386535644531
-38.01112747192383 88.18502807617188
-37.9464225769043 88.98513793945312
-37.88507080078125 89.78434753417969
-37.82708740234375 90.58277893066406
-37.7724723815918 91.38058471679688
-37.72119903564453 92.17789459228516
-37.67326354980469 92.9748306274414
-37.628639221191406 93.7715072631836
-37.58729553222656 94.56805419921875
-37.549198150634766 95.36455535888672
-37.51430130004883 96.1611099243164
-37.48255920410156 96.95780181884766
-37.453914642333984 97.75474548339844
-37.42831039428711 98.5519790649414
-37.40569305419922 99.3495864868164
-37.38597869873047 100.14762115478516
-37.369110107421875 100.9461441040039
-37.355003356933594 101.74519348144531
-37.34359359741211 102.54480743408203
-37.33479309082031 103.34501647949219
-37.32852554321289 104.1458511352539
-37.324710845947266 104.94729614257812
-37.323265075683594 105.74940490722656
-37.3241081237793 106.5521469116211
-37.32716369628906 107.35552215576172
-37.33235168457031 108.1595230102539
-37.33959197998047 108.96414947509766
-37.34880447387695 109.76936340332031
-37.359928131103516 110.57515716552734
-37.37287902832031 111.38147735595703
-37.387603759765625 112.18830108642578
-37.40403366088867 112.99559783935547
-37.4221076965332 113.8033218383789
-37.441776275634766 114.6114273071289
-37.46299362182617 115.41986846923828
-37.4857177734375 116.22860717773438
-37.5098991394043 117.03759002685547
-37.5355110168457 117.8467788696289
-37.562530517578125 118.65609741210938
-37.59092712402344 119.46553039550781
-37.620697021484375 120.27500915527344
-37.65180969238281 121.0844955444336
-37.68428039550781 121.89393615722656
-37.71809387207031 122.70328521728516
-37.75326156616211 123.51251983642578
-37.789798736572266 124.32157897949219
-37.82770919799805 125.13044738769531
-37.86702346801758 125.93907165527344
-37.907752990722656 126.74744415283203
-37.94993591308594 127.55550384521484
-37.99359893798828 128.36326599121094
-38.03878402709961 129.17068481445312
-38.085514068603516 129.97776794433594
-38.13384246826172 130.7844696044922
-38.18380355834961 131.59080505371094
-38.235443115234375 132.3967742919922
-38.28880310058594 133.202392578125
-38.34393310546875 134.0076141357422
-38.400882720947266 134.81248474121094
-38.45970153808594 135.61703491210938
-38.520423889160156 136.4212188720703
-38.58309555053711 137.22511291503906
-38.64777374267578 138.02870178222656
-38.71449661254883 138.83206176757812
-38.78330612182617 139.6351776123047
-38.854244232177734 140.43809509277344
-38.927345275878906 141.2408447265625
-39.00263977050781 142.04347229003906
-39.080177307128906 142.8459930419922
-39.159976959228516 143.6485137939453
-39.242069244384766 144.45101928710938
-39.326473236083984 145.25355529785156
-39.41321563720703 146.05621337890625
-39.502315521240234 146.8590087890625
-39.593788146972656 147.66200256347656
-39.68763732910156 148.46524047851562
-39.78388214111328 149.26876831054688
-39.88251876831055 150.0726776123047
-39.98354721069336 150.876953125
-40.08697509765625 151.6816864013672
-40.19279098510742 152.48695373535156
-40.300987243652344 153.29273986816406
-40.41155242919922 154.0991668701172
-40.524478912353516 154.90625
-40.639739990234375 155.71401977539062
-40.757328033447266 156.52256774902344
-40.87721633911133 157.3319091796875
-40.999385833740234 158.14207458496094
-41.12380599975586 158.9531707763672
-41.250457763671875 159.7651824951172
-41.379302978515625 160.5782012939453
-41.51032638549805 161.3922119140625
-41.64348602294922 162.20730590820312
-41.77875518798828 163.02345275878906
-41.916099548339844 163.8407745361328
-42.05549240112305 164.6592254638672
-42.1968994140625 165.47889709472656
-42.34027862548828 166.29977416992188
-42.48561096191406 167.1219024658203
-42.632850646972656 167.94529724121094
-42.78197479248047 168.76998901367188
-42.93294906616211 169.59603881835938
-43.08573532104492 170.4233856201172
-43.24031066894531 171.25213623046875
-43.396636962890625 172.08224487304688
-43.554683685302734 172.91372680664062
-43.71442413330078 173.74664306640625
-43.87583541870117 174.58096313476562
-44.03887939453125 175.41673278808594
-44.203529357910156 176.25393676757812
-44.36976623535156 177.0925750732422
-44.53756332397461 177.9326934814453
-44.70689010620117 178.77427673339844
-44.87772750854492 179.6173095703125
-44.964 180.0
-44.964 -180.0
-45.050045013427734 -179.53817749023438
-45.22382736206055 -178.69215393066406
-45.399051666259766 -177.84466552734375
-45.5756950378418 -176.9956817626953
-45.75373840332031 -176.1452178955078
-45.93316650390625 -175.29322814941406
-46.11395263671875 -174.4397430419922
-46.296085357666016 -173.58474731445312
-46.47953796386719 -172.72825622558594
-46.66429901123047 -171.87020874023438
-46.85035705566406 -171.01065063476562
-47.037689208984375 -170.14952087402344
-47.226280212402344 -169.28688049316406
-47.41612243652344 -168.42263793945312
-47.60719680786133 -167.5568389892578
-47.79948425292969 -166.68943786621094
-47.99298095703125 -165.82041931152344
-48.18766784667969 -164.9497528076172
-48.383541107177734 -164.07745361328125
-48.58058547973633 -163.20343017578125
-48.77878952026367 -162.3277130126953
-48.9781494140625 -161.45025634765625
-49.178646087646484 -160.5709991455078
-49.38028335571289 -159.68991088867188
-49.58304214477539 -158.80694580078125
-49.78692626953125 -157.9220733642578
-49.99192810058594 -157.0352020263672
-50.19804000854492 -156.14627075195312
-50.40525817871094 -155.25526428222656
-50.61357879638672 -154.36204528808594
-50.8230094909668 -153.46656799316406
-51.033538818359375 -152.5687713623047
-51.24516296386719 -151.6685028076172
-51.457889556884766 -150.76571655273438
-51.67171859741211 -149.8602752685547
-51.88664627075195 -148.95205688476562
-52.10268020629883 -148.0409698486328
-52.31980895996094 -147.1268310546875
-52.538047790527344 -146.20956420898438
-52.75738525390625 -145.2889404296875
-52.97782516479492 -144.36485290527344
-53.19937515258789 -143.43710327148438
-53.422019958496094 -142.50552368164062
-53.64576721191406 -141.56988525390625
-53.870609283447266 -140.6300048828125
-54.096534729003906 -139.6856231689453
-54.32354736328125 -138.7365264892578
-54.55162811279297 -137.78248596191406
-54.780757904052734 -136.82318115234375
-55.010929107666016 -135.85838317871094
-55.24211502075195 -134.88775634765625
-55.47429275512695 -133.91098022460938
-55.70742416381836 -132.92776489257812
-55.94147872924805 -131.937744140625
-56.17641067504883 -130.94056701660156
-56.41217041015625 -129.93582153320312
-56.64870834350586 -128.923095703125
-56.885948181152344 -127.90202331542969
-57.12382125854492 -126.87213134765625
-57.362247467041016 -125.83296203613281
-57.60113525390625 -124.78404235839844
-57.84037780761719 -123.72486877441406
-58.079856872558594 -122.65494537353516
-58.3194465637207 -121.57373046875
-58.55901336669922 -120.48068237304688
-58.79839324951172 -119.37522888183594
-59.03742218017578 -118.25678253173828
-59.27592086791992 -117.12474822998047
-59.51367950439453 -115.97852325439453
-59.75048065185547 -114.8174819946289
-59.98609924316406 -113.64099884033203
-60.22026824951172 -112.44843292236328
-60.45272445678711 -111.2391586303711
-60.68317413330078 -110.01254272460938
-60.91130447387695 -108.7679214477539
-61.13677978515625 -107.50469970703125
-61.359249114990234 -106.22225952148438
-61.578330993652344 -104.92001342773438
-61.79362487792969 -103.59739685058594
-62.00472640991211 -102.25389099121094
-62.211185455322266 -100.88899230957031
-62.41254425048828 -99.50227355957031
-62.608314514160156 -98.09334564208984
-62.79800796508789 -96.66191864013672
-62.981101989746094 -95.2077407836914
-63.15705108642578 -93.73066711425781
-63.32532501220703 -92.23065185546875
-63.4853515625 -90.70774841308594
-63.63655471801758 -89.16212463378906
-63.77836608886719 -87.59410858154297
-63.91019821166992 -86.0041275024414
-64.0314712524414 -84.39276885986328
-64.1416015625 -82.76077270507812
-64.24003601074219 -81.1090316772461
