-12.185821533203125 -71.87554931640625
-12.080405235290527 -70.82792663574219
-11.949516296386719 -69.77986145019531
-11.792644500732422 -68.73213195800781
-11.609430313110352 -67.68553161621094
-11.399679183959961 -66.64089965820312
-11.163371086120605 -65.59905242919922
-10.900665283203125 -64.56083679199219
-10.611907958984375 -63.527000427246094
-10.297624588012695 -62.49830627441406
-9.95851993560791 -61.47541427612305
-9.595470428466797 -60.45888900756836
-9.209506034851074 -59.44921875
-8.801801681518555 -58.44676971435547
-8.3736572265625 -57.451786041259766
-7.926479339599609 -56.464393615722656
-7.461766242980957 -55.48461151123047
-6.981082916259766 -54.5123176574707
-6.486047744750977 -53.54729080200195
-5.97831392288208 -52.58920669555664
-5.459555149078369 -51.63764572143555
-4.931450366973877 -50.69208908081055
-4.3956732749938965 -49.751983642578125
-3.8538827896118164 -48.81668472290039
-3.3077127933502197 -47.88553237915039
-2.7587666511535645 -46.95781707763672
-2.208610773086548 -46.032840728759766
-1.6587704420089722 -45.10987091064453
-1.1107239723205566 -44.18821334838867
-0.5659024119377136 -43.267173767089844
-0.02568080835044384 -42.34610366821289
0.5086185932159424 -41.42438507080078
1.0357353687286377 -40.50145721435547
1.5544713735580444 -39.576805114746094
2.0636956691741943 -38.64997863769531
2.562347650527954 -37.7205924987793
3.04944109916687 -36.788326263427734
3.5240681171417236 -35.852928161621094
3.9854025840759277 -34.91421127319336
4.432703495025635 -33.97206115722656
4.865317344665527 -33.026424407958984
5.282680511474609 -32.07731246948242
5.684322834014893 -31.124786376953125
6.0698628425598145 -30.16895294189453
6.4390130043029785 -29.209970474243164
6.7915754318237305 -28.248022079467773
7.127438068389893 -27.283329010009766
7.44657564163208 -26.316125869750977
7.749039173126221 -25.346662521362305
8.034957885742188 -24.37519645690918
8.304527282714844 -23.401981353759766
8.558006286621094 -22.42726707458496
8.795708656311035 -21.4512882232666
9.017998695373535 -20.474266052246094
9.22528076171875 -19.496400833129883
9.41799545288086 -18.517864227294922
9.596610069274902 -17.538814544677734
9.761616706848145 -16.559370040893555
9.913519859313965 -15.579628944396973
10.052835464477539 -14.59965991973877
10.180084228515625 -13.619504928588867
10.295787811279297 -12.639178276062012
10.40046215057373 -11.658670425415039
10.494616508483887 -10.677947998046875
10.578747749328613 -9.696955680847168
10.653339385986328 -8.715620040893555
10.718857765197754 -7.733851909637451
10.775750160217285 -6.751544952392578
10.824443817138672 -5.768583297729492
10.865344047546387 -4.7848405838012695
10.898834228515625 -3.8001861572265625
10.925272941589355 -2.814483165740967
10.94499397277832 -1.8275935649871826
10.958309173583984 -0.8393815755844116
10.965503692626953 0.1502862125635147
10.966839790344238 1.1415371894836426
10.962555885314941 2.134490728378296
10.952866554260254 3.1292576789855957
10.937966346740723 4.125936031341553
10.918027877807617 5.124612808227539
10.893203735351562 6.125357627868652
10.863629341125488 7.128227710723877
10.829425811767578 8.133262634277344
10.790695190429688 9.140486717224121
10.747533798217773 10.149906158447266
10.700024604797363 11.161511421203613
10.64824390411377 12.175275802612305
10.592265129089355 13.191157341003418
10.532157897949219 14.209099769592285
10.467994689941406 15.229032516479492
10.399850845336914 16.250873565673828
10.327810287475586 17.274534225463867
10.251962661743164 18.299907684326172
10.172412872314453 19.32689094543457
10.089279174804688 20.355371475219727
10.002695083618164 21.385236740112305
9.912816047668457 22.416370391845703
9.819815635681152 23.448657989501953
9.723889350891113 24.481990814208984
9.625259399414062 25.516260147094727
9.52416706085205 26.55137062072754
9.420880317687988 27.587221145629883
9.315694808959961 28.62372589111328
9.208925247192383 29.660808563232422
9.10091495513916 30.698392868041992
8.992027282714844 31.736412048339844
8.882648468017578 32.774810791015625
8.77318286895752 33.81352615356445
8.664053916931152 34.852508544921875
8.555699348449707 35.8917236328125
8.448570251464844 36.93110656738281
8.343123435974121 37.970619201660156
8.239823341369629 39.010215759277344
8.139134407043457 40.049842834472656
8.041519165039062 41.089447021484375
7.9474310874938965 42.128963470458984
7.85731315612793 43.1683235168457
7.7715911865234375 44.207454681396484
7.690667152404785 45.246280670166016
7.614920139312744 46.28470230102539
7.54469633102417 47.322635650634766
7.480304718017578 48.3599739074707
7.422019004821777 49.3966064453125
7.370065212249756 50.43242263793945
7.3246259689331055 51.46731948852539
7.285833835601807 52.50118637084961
7.253770351409912 53.533905029296875
7.2284650802612305 54.565372467041016
7.20989465713501 55.59549331665039
7.197984218597412 56.624183654785156
7.192605495452881 57.6513557434082
7.193581581115723 58.67694854736328
7.200687885284424 59.70091247558594
7.213653564453125 60.723201751708984
7.232167720794678 61.74379348754883
7.255880832672119 62.7626953125
7.284409046173096 63.7799072265625
7.3173394203186035 64.79545593261719
7.354233741760254 65.80940246582031
7.3946332931518555 66.82178497314453
7.438063621520996 67.83267974853516
7.48403787612915 68.84217834472656
7.5320634841918945 69.85037231445312
7.581644058227539 70.85736846923828
7.632286548614502 71.86328125
7.683501720428467 72.86824035644531
7.734811305999756 73.87236022949219
7.7857489585876465 74.87578582763672
7.835866451263428 75.8786392211914
7.8847336769104 76.88106536865234
7.931943893432617 77.88317108154297
7.977116584777832 78.88508605957031
8.019898414611816 79.886962890625
8.059967994689941 80.88890075683594
8.09703254699707 81.89100646972656
8.130838394165039 82.89339447021484
8.161165237426758 83.89617156982422
8.187830924987793 84.89942932128906
8.21069049835205 85.90323638916016
8.229639053344727 86.90766906738281
8.244610786437988 87.91281127929688
8.25558090209961 88.91869354248047
8.26256275177002 89.92536163330078
8.26561164855957 90.93286895751953
8.264819145202637 91.94123077392578
8.260315895080566 92.95046997070312
8.252269744873047 93.96057891845703
8.24087905883789 94.97157287597656
8.226380348205566 95.98341369628906
8.20903491973877 96.99610137939453
8.189132690429688 98.00957489013672
8.166988372802734 99.0238265991211
8.142936706542969 100.03878784179688
8.117328643798828 101.05439758300781
8.09052562713623 102.07058715820312
8.062898635864258 103.08728790283203
8.034823417663574 104.10443115234375
8.006671905517578 105.12189483642578
7.978811264038086 106.13963317871094
7.951598167419434 107.15751647949219
7.925374507904053 108.17544555664062
7.9004597663879395 109.19334411621094
7.877151966094971 110.21111297607422
7.855720043182373 111.22862243652344
7.836401462554932 112.24581146240234
7.819397449493408 113.26258087158203
7.804872035980225 114.27885437011719
7.792949199676514 115.29454040527344
7.78371000289917 116.3095703125
7.777194023132324 117.32391357421875
7.773394584655762 118.33750915527344
7.772262096405029 119.3503189086914
7.773703098297119 120.3623275756836
7.777580738067627 121.37354278564453
7.783717155456543 122.38394927978516
7.791893482208252 123.39358520507812
7.801854133605957 124.4024658203125
7.81330680847168 125.41065216064453
7.825926780700684 126.4181900024414
7.839359283447266 127.4251480102539
7.8532233238220215 128.4315948486328
7.867114543914795 129.43763732910156
7.880607604980469 130.44332885742188
7.893260478973389 131.44876098632812
7.9046196937561035 132.45407104492188
7.914221286773682 133.4592742919922
7.921596527099609 134.46453857421875
7.926275253295898 135.46990966796875
7.927789211273193 136.47544860839844
7.92567777633667 137.48126220703125
7.919488906860352 138.48736572265625
7.908785820007324 139.49388122558594
7.8931498527526855 140.50074768066406
7.872184753417969 141.50808715820312
7.845520496368408 142.51580810546875
7.812815189361572 143.5240020751953
7.7737627029418945 144.53256225585938
7.728091239929199 145.54148864746094
7.675570964813232 146.55075073242188
7.616012096405029 147.5602264404297
7.5492730140686035 148.5699005126953
7.475256443023682 149.5796356201172
7.393914222717285 150.58935546875
7.3052473068237305 151.59893798828125
7.209306716918945 152.6082763671875
7.106192111968994 153.6172637939453
6.996052265167236 154.62579345703125
6.8790812492370605 155.63375854492188
6.755519390106201 156.6409912109375
6.625647068023682 157.64744567871094
6.489785194396973 158.6530303955078
6.348287105560303 159.6575927734375
6.201539516448975 160.66111755371094
6.049952983856201 161.6635284423828
5.893961429595947 162.66476440429688
5.734013557434082 163.66477966308594
5.570571422576904 164.66354370117188
5.404103755950928 165.6610565185547
5.235081672668457 166.65733337402344
5.063971519470215 167.65237426757812
4.891235828399658 168.64620971679688
4.717324733734131 169.6388702392578
4.5426740646362305 170.6304168701172
4.367700576782227 171.62091064453125
4.192801475524902 172.61036682128906
4.018348217010498 173.59890747070312
3.8446877002716064 174.5866241455078
3.672137975692749 175.57351684570312
3.5009877681732178 176.5597686767578
3.3314952850341797 177.54539489746094
3.1638877391815186 178.53048706054688
2.9983606338500977 179.51516723632812
2.92  180.0
2.92  -180.0
2.8350777626037598 -179.50050354003906
2.674171209335327 -178.51641845703125
2.5157430171966553 -177.53256225585938
2.3598639965057373 -176.54879760742188
2.2065775394439697 -175.56504821777344
2.055898427963257 -174.58131408691406
1.9078155755996704 -173.5974578857422
1.7622935771942139 -172.6134796142578
1.6192744970321655 -171.62930297851562
1.4786797761917114 -170.64488220214844
1.3404124975204468 -169.66018676757812
1.204359531402588 -168.6751708984375
1.0703933238983154 -167.6898651123047
0.9383752346038818 -166.70419311523438
0.8081569075584412 -165.71815490722656
0.6795832514762878 -164.7317352294922
0.5524938106536865 -163.74496459960938
0.42672625184059143 -162.75784301757812
0.30211788415908813 -161.77035522460938
0.17850738763809204 -160.7825164794922
0.05573728680610657 -159.79432678222656
-0.06634468585252762 -158.80584716796875
-0.18788361549377441 -157.81707763671875
-0.3090164065361023 -156.82803344726562
-0.4298703372478485 -155.8387451171875
-0.55056232213974 -154.84922790527344
-0.6711981296539307 -153.85951232910156
-0.7918719053268433 -152.8695831298828
-0.9126662015914917 -151.8795166015625
-1.03365159034729 -150.88926696777344
-1.1548875570297241 -149.8988494873047
-1.2764226198196411 -148.90829467773438
-1.398295521736145 -147.9176025390625
-1.5205353498458862 -146.9267578125
-1.6431642770767212 -145.93572998046875
-1.7661972045898438 -144.9445343017578
-1.8896441459655762 -143.95314025878906
-2.013511896133423 -142.96151733398438
-2.137805700302124 -141.96961975097656
-2.2625300884246826 -140.97743225097656
-2.3876917362213135 -139.9849090576172
-2.513301372528076 -138.9920196533203
-2.639374256134033 -137.99868774414062
-2.765932321548462 -137.0048828125
-2.8930068016052246 -136.01060485839844
-3.0206382274627686 -135.01571655273438
-3.1488778591156006 -134.02027893066406
-3.2777903079986572 -133.02415466308594
-3.407451629638672 -132.02737426757812
-3.537952423095703 -131.02989196777344
-3.6693978309631348 -130.0316925048828
-3.801905393600464 -129.0327606201172
-3.935608148574829 -128.03311157226562
-4.070651054382324 -127.03271484375
-4.207192420959473 -126.03160858154297
-4.345400810241699 -125.02984619140625
-4.485454559326172 -124.0274658203125
-4.627538204193115 -123.0245361328125
-4.771843433380127 -122.02112579345703
-4.918562889099121 -121.01731872558594
-5.067887783050537 -120.01322937011719
-5.22000789642334 -119.00897216796875
-5.3751044273376465 -118.00467681884766
-5.533346652984619 -117.00047302246094
-5.694890022277832 -115.99649810791016
-5.8598713874816895 -114.992919921875
-6.028406620025635 -113.9898681640625
-6.200584411621094 -112.98750305175781
-6.376463890075684 -111.98596954345703
-6.556072235107422 -110.98539733886719
-6.7394022941589355 -109.98590850830078
-6.926407337188721 -108.98763275146484
-7.117001533508301 -107.99066162109375
-7.311056613922119 -106.99505615234375
-7.508401870727539 -106.00086212158203
-7.7088212966918945 -105.00812530517578
-7.912055492401123 -104.0168228149414
-8.117799758911133 -103.02690887451172
-8.325704574584961 -102.03833770751953
-8.53537654876709 -101.0510025024414
-8.746376991271973 -100.06477355957031
-8.958224296569824 -99.07948303222656
-9.17039680480957 -98.0949478149414
-9.382328033447266 -97.11092376708984
-9.593411445617676 -96.12718200683594
-9.80300235748291 -95.14344787597656
-10.010412216186523 -94.1594009399414
-10.214917182922363 -93.17475128173828
-10.415751457214355 -92.18915557861328
-10.612112045288086 -91.20226287841797
-10.8031587600708 -90.2137680053711
-10.98801326751709 -89.2232894897461
-11.165760040283203 -88.2304916381836
-11.335444450378418 -87.23505401611328
-11.496081352233887 -86.2366714477539
-11.646647453308105 -85.23506164550781
-11.786089897155762 -84.22994995117188
-11.913326263427734 -83.22112274169922
-12.027246475219727 -82.20841217041016
-12.126724243164062 -81.19171142578125
-12.210615158081055 -80.17093658447266
-12.2777681350708 -79.14612579345703
-12.327035903930664 -78.11732482910156
-12.357280731201172 -77.08470153808594
-12.367387771606445 -76.04849243164062
-12.356283187866211 -75.00902557373047
-12.322942733764648 -73.96670532226562
-12.266412734985352 -72.9220199584961
