29.362924575805664 -75.31755065917969
29.45079803466797 -74.5765609741211
29.54836082458496 -73.83472442626953
29.655628204345703 -73.09176635742188
29.772602081298828 -72.3473892211914
29.899255752563477 -71.60130310058594
30.03554344177246 -70.85318756103516
30.181394577026367 -70.10273742675781
30.336713790893555 -69.34960174560547
30.501379013061523 -68.59346771240234
30.675249099731445 -67.83399200439453
30.8581485748291 -67.07083129882812
31.049888610839844 -66.30362701416016
31.250247955322266 -65.53201293945312
31.4589786529541 -64.75565338134766
31.67581558227539 -63.97417449951172
31.90046501159668 -63.18719482421875
32.13261413574219 -62.39434814453125
32.371910095214844 -61.595272064208984
32.61800765991211 -60.78959274291992
32.87051773071289 -59.97694396972656
33.129032135009766 -59.15696716308594
33.393131256103516 -58.32929992675781
33.662376403808594 -57.493595123291016
33.93630599975586 -56.64952087402344
34.21445083618164 -55.7967529296875
34.49632263183594 -54.93498229980469
34.78142547607422 -54.06391143798828
35.069244384765625 -53.18327713012695
35.359275817871094 -52.29281997680664
35.6509895324707 -51.3923225402832
35.9438591003418 -50.48158264160156
36.237369537353516 -49.5604362487793
36.530975341796875 -48.628746032714844
36.82417297363281 -47.68639373779297
37.11643981933594 -46.73332595825195
37.40727233886719 -45.769493103027344
37.6961669921875 -44.79490661621094
37.98265075683594 -43.809600830078125
38.26625442504883 -42.81365203857422
38.54653549194336 -41.80717086791992
38.823062896728516 -40.79030990600586
39.09543228149414 -39.76325225830078
39.36326217651367 -38.726219177246094
39.62620544433594 -37.67946243286133
39.88393783569336 -36.62325668334961
40.13615417480469 -35.557918548583984
40.382598876953125 -34.48377990722656
40.623016357421875 -33.40119171142578
40.85721206665039 -32.310523986816406
41.084999084472656 -31.212175369262695
41.30623245239258 -30.106536865234375
41.52079391479492 -28.99402618408203
41.72857666015625 -27.875049591064453
41.92952346801758 -26.75002670288086
42.12358093261719 -25.619375228881836
42.31074523925781 -24.483503341674805
42.49100112915039 -23.342823028564453
42.66438293457031 -22.19773292541504
42.83091735839844 -21.048620223999023
42.990665435791016 -19.89586639404297
43.143699645996094 -18.739839553833008
43.290096282958984 -17.580894470214844
43.42995071411133 -16.419370651245117
43.563358306884766 -15.255600929260254
43.69042205810547 -14.089899063110352
43.81126022338867 -12.922569274902344
43.925994873046875 -11.753900527954102
44.03472900390625 -10.5841703414917
44.13759994506836 -9.413650512695312
44.234718322753906 -8.242598533630371
44.32621383666992 -7.071262359619141
44.412208557128906 -5.899885177612305
44.49281692504883 -4.728700160980225
44.56816864013672 -3.557936906814575
44.63837814331055 -2.3878185749053955
44.70356750488281 -1.2185641527175903
44.763851165771484 -0.05038842186331749
44.81934356689453 1.1164963245391846
44.87017059326172 2.281881332397461
44.916446685791016 3.4455597400665283
44.95828628540039 4.60732889175415
44.99580764770508 5.766986846923828
45.029136657714844 6.9243364334106445
45.05839920043945 8.079183578491211
45.08371353149414 9.23133659362793
45.10520935058594 10.380610466003418
45.12302017211914 11.526823997497559
45.13728713989258 12.669804573059082
45.14814376831055 13.8093843460083
45.155738830566406 14.945404052734375
45.16022872924805 16.077713012695312
45.16176223754883 17.206172943115234
45.160499572753906 18.330652236938477
45.15660858154297 19.45103645324707
45.15025329589844 20.567216873168945
45.14160919189453 21.679107666015625
45.130863189697266 22.78662872314453
45.11817932128906 23.88971519470215
45.103759765625 24.98832130432129
45.087772369384766 26.082414627075195
45.07041549682617 27.171977996826172
45.051876068115234 28.257009506225586
45.0323486328125 29.337520599365234
45.01200485229492 30.413545608520508
44.99104690551758 31.48512077331543
44.96965026855469 32.552310943603516
44.947998046875 33.61518859863281
44.92626953125 34.673831939697266
44.90463638305664 35.72834777832031
44.88325881958008 36.77883529663086
44.862300872802734 37.8254280090332
44.84191131591797 38.86825180053711
44.82223892211914 39.90744400024414
44.80342102050781 40.94314956665039
44.78557586669922 41.97553634643555
44.768821716308594 43.0047492980957
44.753273010253906 44.03096389770508
44.739013671875 45.054351806640625
44.726131439208984 46.075077056884766
44.714698791503906 47.09332275390625
44.704776763916016 48.10926055908203
44.696407318115234 49.12305450439453
44.68963623046875 50.13489532470703
44.684486389160156 51.144935607910156
44.68096923828125 52.15336227416992
44.6790771484375 53.16032028198242
44.678810119628906 54.16597366333008
44.68014144897461 55.17047882080078
44.683048248291016 56.173980712890625
44.687477111816406 57.17660903930664
44.693389892578125 58.17850112915039
44.70071029663086 59.179786682128906
44.70938491821289 60.180564880371094
44.719337463378906 61.180946350097656
44.7304801940918 62.18102264404297
44.742740631103516 63.180885314941406
44.756011962890625 64.18059539794922
44.77021408081055 65.18024444580078
44.78524398803711 66.17985534667969
44.80101013183594 67.17948913574219
44.81741714477539 68.17918395996094
44.8343620300293 69.17894744873047
44.851749420166016 70.17882537841797
44.8694953918457 71.17879486083984
44.88751220703125 72.17887878417969
44.90570831298828 73.17904663085938
44.924007415771484 74.17930603027344
44.942344665527344 75.17962646484375
44.96064376831055 76.17998504638672
44.978858947753906 77.18032836914062
44.99692916870117 78.18064880371094
45.01481628417969 79.18090057373047
45.03249740600586 80.1810302734375
45.049930572509766 81.18101501464844
45.06711959838867 82.18079376220703
45.08404541015625 83.18033599853516
45.10071563720703 84.17960357666016
45.11714172363281 85.17854309082031
45.13335037231445 86.17713928222656
45.14936828613281 87.17534637451172
45.16523742675781 88.17314910888672
45.181007385253906 89.17050170898438
45.19672393798828 90.16742706298828
45.21245574951172 91.16388702392578
45.22826385498047 92.15989685058594
45.244232177734375 93.15547180175781
45.260433197021484 94.15059661865234
45.27695846557617 95.14533233642578
45.293880462646484 96.13968658447266
45.31129455566406 97.13372802734375
45.32929229736328 98.12749481201172
45.34796905517578 99.12104797363281
45.36741256713867 100.11448669433594
45.38771057128906 101.10786437988281
45.408958435058594 102.10130310058594
45.431236267089844 103.09489440917969
45.45462417602539 104.0887680053711
45.479209899902344 105.08303833007812
45.50505828857422 106.07786560058594
45.5322380065918 107.07337188720703
45.56081008911133 108.06974792480469
45.590816497802734 109.06713104248047
45.62230682373047 110.06571197509766
45.65530776977539 111.06568145751953
45.689842224121094 112.06723022460938
45.72591781616211 113.07056427001953
45.7635383605957 114.07588958740234
45.802696228027344 115.08344268798828
45.84334945678711 116.09341430664062
45.88547134399414 117.1060562133789
45.92900085449219 118.1216049194336
45.973873138427734 119.1402816772461
46.02001190185547 120.1623306274414
46.06731033325195 121.18798828125
46.11567306518555 122.21751403808594
46.16495895385742 123.25111389160156
46.215030670166016 124.2890625
46.265743255615234 125.33155822753906
46.316917419433594 126.37884521484375
46.36836624145508 127.43115234375
46.41990280151367 128.48866271972656
46.471309661865234 129.55160522460938
46.52236557006836 130.62014770507812
46.57283020019531 131.69444274902344
46.622459411621094 132.7747039794922
46.67098617553711 133.86102294921875
46.71815490722656 134.9535369873047
46.76367950439453 136.05233764648438
46.80727767944336 137.15750122070312
46.84866714477539 138.26902770996094
46.887542724609375 139.38699340820312
46.923622131347656 140.51138305664062
46.95659637451172 141.64208984375
46.986175537109375 142.7790985107422
47.01205825805664 143.9222869873047
47.03396987915039 145.07150268554688
47.05161666870117 146.2265625
47.064727783203125 147.38723754882812
47.07304763793945 148.5533447265625
47.07632064819336 149.72451782226562
47.074317932128906 150.9005126953125
47.06681823730469 152.0809783935547
47.05363082885742 153.2655029296875
47.034584045410156 154.45370483398438
47.00951385498047 155.64517211914062
46.97829055786133 156.83946228027344
46.94081497192383 158.0360870361328
46.897010803222656 159.23458862304688
46.84682083129883 160.43450927734375
46.79021453857422 161.6353302001953
46.72719192504883 162.83653259277344
46.65778732299805 164.03768920898438
46.58205032348633 165.23828125
46.50004959106445 166.43783569335938
46.411895751953125 167.63589477539062
46.31769943237305 168.83201599121094
46.21760177612305 170.0258026123047
46.11176300048828 171.21681213378906
46.00035858154297 172.40472412109375
45.883583068847656 173.58917236328125
45.76162338256836 174.76980590820312
45.63469696044922 175.9464111328125
45.50301742553711 177.11865234375
45.366798400878906 178.28634643554688
45.22627258300781 179.44924926757812
45.153 180.0
45.153 -180.0
45.08165740966797 -179.39276123046875
44.93317413330078 -178.23983764648438
44.781044006347656 -177.0921173095703
44.62548065185547 -175.94970703125
44.46669006347656 -174.8126678466797
44.304874420166016 -173.6810760498047
44.140228271484375 -172.55491638183594
43.972930908203125 -171.43423461914062
43.803157806396484 -170.31906127929688
43.63108444213867 -169.20936584472656
43.45686721801758 -168.10511779785156
43.2806396484375 -167.00633239746094
43.102561950683594 -165.91294860839844
42.92274475097656 -164.82492065429688
42.7413215637207 -163.74221801757812
42.558406829833984 -162.66477966308594
42.37410354614258 -161.5926055908203
42.188514709472656 -160.52557373046875
42.00174331665039 -159.46371459960938
41.81386947631836 -158.40692138671875
41.6249885559082 -157.3551483154297
41.43518829345703 -156.30838012695312
41.24454116821289 -155.2665252685547
41.053138732910156 -154.22955322265625
40.861045837402344 -153.19744873046875
40.66835021972656 -152.1701202392578
40.47512435913086 -151.1475067138672
40.28144836425781 -150.12960815429688
40.08739471435547 -149.11636352539062
39.89304733276367 -148.1077117919922
39.698482513427734 -147.1035919189453
39.50377655029297 -146.1039581298828
39.30900955200195 -145.1087646484375
39.114261627197266 -144.11793518066406
38.91960906982422 -143.1314239501953
38.725135803222656 -142.14920043945312
38.53091049194336 -141.17115783691406
38.3370246887207 -140.19723510742188
38.143550872802734 -139.22740173339844
37.950557708740234 -138.26156616210938
37.75812911987305 -137.29962158203125
37.56632995605469 -136.34156799316406
37.375221252441406 -135.38729858398438
37.18488311767578 -134.43673706054688
36.99536895751953 -133.48980712890625
36.806739807128906 -132.5464324951172
36.619049072265625 -131.60659790039062
36.43234634399414 -130.67015075683594
36.24667739868164 -129.73712158203125
36.06209182739258 -128.80734252929688
35.87861633300781 -127.88084411621094
35.696285247802734 -126.95752716064453
35.51512908935547 -126.03734588623047
35.33517837524414 -125.12026977539062
35.15644836425781 -124.20624542236328
34.97895050048828 -123.29524230957031
34.80271911621094 -122.3872299194336
34.62774658203125 -121.4822006225586
34.45405197143555 -120.58012390136719
34.281646728515625 -119.6810073852539
34.11054229736328 -118.78484344482422
33.94073486328125 -117.89166259765625
33.772247314453125 -117.0014419555664
33.605079650878906 -116.11422729492188
33.43925476074219 -115.23004913330078
33.27478790283203 -114.34894561767578
33.111698150634766 -113.4709243774414
32.950016021728516 -112.59607696533203
32.789764404296875 -111.72441101074219
32.6309928894043 -110.85600280761719
32.473751068115234 -109.99090576171875
32.318077087402344 -109.1291732788086
32.16404342651367 -108.27086639404297
32.0117301940918 -107.41605377197266
31.8612060546875 -106.56476593017578
31.71257209777832 -105.71710205078125
31.565929412841797 -104.87308502197266
31.4213924407959 -104.03278350830078
31.27908706665039 -103.19624328613281
31.139150619506836 -102.3635025024414
31.00172996520996 -101.53461456298828
30.866981506347656 -100.70958709716797
30.735078811645508 -99.8884506225586
30.606201171875 -99.07122802734375
30.48053741455078 -98.2579116821289
30.358291625976562 -97.44852447509766
30.239667892456055 -96.6430435180664
30.124889373779297 -95.84143829345703
30.014179229736328 -95.04369354248047
29.907772064208984 -94.24974822998047
29.805906295776367 -93.45958709716797
29.708826065063477 -92.67310333251953
29.616785049438477 -91.8902587890625
29.530033111572266 -91.11096954345703
29.448829650878906 -90.33511352539062
29.373428344726562 -89.56262969970703
29.30409049987793 -88.79337310791016
29.241077423095703 -88.0272216796875
29.18463897705078 -87.26407623291016
29.135032653808594 -86.50375366210938
29.092512130737305 -85.74613952636719
29.05731773376465 -84.99105072021484
29.029695510864258 -84.23831939697266
29.009872436523438 -83.48778533935547
28.998075485229492 -82.73925018310547
28.99452018737793 -81.99251556396484
28.99941062927246 -81.24739074707031
29.0129451751709 -80.50367736816406
29.03529930114746 -79.7611312866211
29.066640853881836 -79.01954650878906
29.10712432861328 -78.27867889404297
29.15688133239746 -77.5383071899414
29.21603775024414 -76.79817199707031
29.284690856933594 -76.05799865722656
