39.69047927856445 -75.98311614990234
39.766387939453125 -75.2707748413086
39.84930419921875 -74.556884765625
39.93920135498047 -73.84120178222656
40.036067962646484 -73.12344360351562
40.139862060546875 -72.40333557128906
40.25053787231445 -71.68063354492188
40.368038177490234 -70.95501708984375
40.492279052734375 -70.22624206542969
40.62318801879883 -69.49398803710938
40.76064682006836 -68.75797271728516
40.90454864501953 -68.01789855957031
41.054771423339844 -67.27347564697266
41.21116638183594 -66.5243911743164
41.37357711791992 -65.7703628540039
41.541831970214844 -65.01107788085938
41.71576690673828 -64.24624633789062
41.89516830444336 -63.47554397583008
42.079833984375 -62.698699951171875
42.269554138183594 -61.91541290283203
42.464088439941406 -61.125389099121094
42.66320037841797 -60.328346252441406
42.86663055419922 -59.52400588989258
43.07412338256836 -58.712100982666016
43.28539276123047 -57.892356872558594
43.50017547607422 -57.06452941894531
43.71816635131836 -56.22837829589844
43.939083099365234 -55.3836784362793
44.16260528564453 -54.53020477294922
44.38844299316406 -53.66775894165039
44.61626434326172 -52.79616165161133
44.84577560424805 -51.915245056152344
45.07664108276367 -51.02486038208008
45.30855178833008 -50.12488555908203
45.54118347167969 -49.21520233154297
45.77422332763672 -48.29572677612305
46.00735092163086 -47.366397857666016
46.240264892578125 -46.427181243896484
46.4726448059082 -45.478050231933594
46.70420455932617 -44.519004821777344
46.93464660644531 -43.55009078979492
47.16368865966797 -42.571346282958984
47.391048431396484 -41.58285903930664
47.61647033691406 -40.58472442626953
47.839691162109375 -39.57706069946289
48.060482025146484 -38.56001281738281
48.278594970703125 -37.53375244140625
48.49382781982422 -36.49845886230469
48.70598220825195 -35.45433807373047
48.914852142333984 -34.401607513427734
49.12027359008789 -33.34049987792969
49.32209014892578 -32.27127456665039
49.5201530456543 -31.194196701049805
49.714324951171875 -30.109533309936523
49.90449142456055 -29.017574310302734
50.090553283691406 -27.918609619140625
50.27241897583008 -26.812944412231445
50.450008392333984 -25.700881958007812
50.623252868652344 -24.582731246948242
50.7921028137207 -23.45880699157715
50.95652389526367 -22.329421997070312
51.1164665222168 -21.19489097595215
51.27192306518555 -20.05552864074707
51.42287826538086 -18.911649703979492
51.5693244934082 -17.763559341430664
51.71126174926758 -16.611572265625
51.848697662353516 -15.455992698669434
51.98166275024414 -14.297120094299316
52.11016082763672 -13.135255813598633
52.23423767089844 -11.970691680908203
52.35390853881836 -10.80372142791748
52.46921920776367 -9.634629249572754
52.5802001953125 -8.463699340820312
52.68690872192383 -7.291207790374756
52.789390563964844 -6.117431163787842
52.887691497802734 -4.942638874053955
52.98186111450195 -3.767096519470215
53.07196807861328 -2.591066598892212
53.15806198120117 -1.4148072004318237
53.240203857421875 -0.23857168853282928
53.3184700012207 0.9373906254768372
53.39292907714844 2.11283540725708
53.46363830566406 3.287522077560425
53.53068923950195 4.461216926574707
53.594146728515625 5.63369083404541
53.65410614013672 6.804720878601074
53.71063232421875 7.9740891456604
53.76383590698242 9.141587257385254
53.81378936767578 10.307013511657715
53.86060333251953 11.470171928405762
53.904361724853516 12.630878448486328
53.9451789855957 13.788954734802246
53.983150482177734 14.944234848022461
54.01838302612305 16.0965633392334
54.05099868774414 17.245792388916016
54.08110809326172 18.39179039001465
54.10881423950195 19.534433364868164
54.134254455566406 20.67361068725586
54.15753936767578 21.809223175048828
54.17878723144531 22.941186904907227
54.1981201171875 24.069427490234375
54.21567153930664 25.193885803222656
54.23155975341797 26.314517974853516
54.24591064453125 27.43128776550293
54.25884246826172 28.54417610168457
54.27048110961914 29.653173446655273
54.280941009521484 30.758285522460938
54.29034423828125 31.859525680541992
54.29881286621094 32.95692443847656
54.30644989013672 34.050514221191406
54.31336212158203 35.140357971191406
54.31966781616211 36.226497650146484
54.32546615600586 37.309017181396484
54.330841064453125 38.38798141479492
54.335899353027344 39.46348571777344
54.34071731567383 40.53561019897461
54.34538269042969 41.60445785522461
54.34996795654297 42.67012405395508
54.35454559326172 43.732730865478516
54.35918426513672 44.792381286621094
54.36393356323242 45.849185943603516
54.36884689331055 46.903263092041016
54.37397003173828 47.95472717285156
54.37934875488281 49.00369644165039
54.38501739501953 50.050296783447266
54.390995025634766 51.09463119506836
54.39731979370117 52.13681411743164
54.40399169921875 53.17696762084961
54.41102981567383 54.21519470214844
54.418453216552734 55.25159454345703
54.42624282836914 56.286277770996094
54.434417724609375 57.319339752197266
54.44295883178711 58.35086441040039
54.451873779296875 59.380943298339844
54.46113204956055 60.40965270996094
54.47072982788086 61.43708038330078
54.480655670166016 62.46328353881836
54.49088668823242 63.48833465576172
54.50140380859375 64.51228332519531
54.51219177246094 65.53519439697266
54.52322769165039 66.55709075927734
54.53449630737305 67.57805633544922
54.54597854614258 68.59808349609375
54.55765151977539 69.61723327636719
54.56950759887695 70.63550567626953
54.5815315246582 71.65296173095703
54.59370422363281 72.66959381103516
54.60602951049805 73.68543243408203
54.618492126464844 74.70046997070312
54.63108825683594 75.71475219726562
54.643829345703125 76.728271484375
54.65670394897461 77.74102783203125
54.66972351074219 78.75305938720703
54.68290710449219 79.76435089111328
54.696258544921875 80.77494049072266
54.70980453491211 81.78482055664062
54.72356033325195 82.79401397705078
54.73755645751953 83.80252838134766
54.75181579589844 84.81040954589844
54.76637268066406 85.81768798828125
54.7812614440918 86.8243637084961
54.79652786254883 87.83049774169922
54.81219482421875 88.83612060546875
54.82831954956055 89.84130096435547
54.84494400024414 90.8460693359375
54.86211395263672 91.85051727294922
54.8798713684082 92.85469055175781
54.89826965332031 93.8586654663086
54.917354583740234 94.862548828125
54.937171936035156 95.86642456054688
54.9577751159668 96.8703842163086
54.97921371459961 97.87455749511719
55.00152587890625 98.8790512084961
55.02476119995117 99.88398742675781
55.04895782470703 100.8895263671875
55.07415008544922 101.89579010009766
55.10037612915039 102.9029541015625
55.12767791748047 103.91116333007812
55.15606689453125 104.92059326171875
55.18556594848633 105.9314193725586
55.21620178222656 106.94384002685547
55.247982025146484 107.95803833007812
55.28091049194336 108.97421264648438
55.31498336791992 109.99256896972656
55.350189208984375 111.0133285522461
55.38651657104492 112.03671264648438
55.42394256591797 113.06294250488281
55.462432861328125 114.09223175048828
55.501953125 115.12482452392578
55.54243850708008 116.16094970703125
55.58384704589844 117.20085906982422
55.6260986328125 118.24475860595703
55.66912078857422 119.29292297363281
55.71282958984375 120.34555053710938
55.75712585449219 121.40289306640625
55.801902770996094 122.4651870727539
55.847049713134766 123.53264617919922
55.892433166503906 124.60550689697266
55.93791580200195 125.6839599609375
55.983360290527344 126.76820373535156
56.02861022949219 127.85846710205078
56.07350158691406 128.95489501953125
56.11785125732422 130.05767822265625
56.161495208740234 131.16693115234375
56.20423126220703 132.28285217285156
56.24586486816406 133.40550231933594
56.28619384765625 134.5350341796875
56.32501220703125 135.6714630126953
56.362098693847656 136.8148651123047
56.39723587036133 137.96527099609375
56.430198669433594 139.12271118164062
56.460758209228516 140.287109375
56.48868942260742 141.4584197998047
56.513771057128906 142.63658142089844
56.5357551574707 143.82147216796875
56.5544319152832 145.01292419433594
56.56957244873047 146.21080017089844
56.580963134765625 147.4148406982422
56.588375091552734 148.62484741210938
56.59161376953125 149.84051513671875
56.59047317504883 151.06155395507812
56.58477020263672 152.28759765625
56.57432556152344 153.51834106445312
56.55896759033203 154.7533721923828
56.538543701171875 155.9922637939453
56.512908935546875 157.2345733642578
56.48195266723633 158.47987365722656
56.4455451965332 159.72767639160156
56.40361404418945 160.97744750976562
56.35606384277344 162.22874450683594
56.3028450012207 163.48104858398438
56.243919372558594 164.7338104248047
56.179256439208984 165.98654174804688
56.108848571777344 167.23873901367188
56.03270721435547 168.4898223876953
55.950862884521484 169.7393798828125
55.86335754394531 170.98683166503906
55.77024459838867 172.2317352294922
55.671607971191406 173.47364807128906
55.56752395629883 174.71209716796875
55.458106994628906 175.94664001464844
55.34346008300781 177.17689514160156
55.22370910644531 178.4024658203125
55.09899139404297 179.6230010986328
55.034 180.0
55.034 -180.0
54.969444274902344 -179.16183471679688
54.83522033691406 -177.95237731933594
54.69647216796875 -176.7488555908203
54.55336380004883 -175.55154418945312
54.40605163574219 -174.36068725585938
54.25471878051758 -173.17648315429688
54.09952163696289 -171.9991455078125
53.940643310546875 -170.82879638671875
53.77824783325195 -169.66555786132812
53.61250305175781 -168.50958251953125
53.44358825683594 -167.3609619140625
53.271671295166016 -166.21975708007812
53.09691619873047 -165.08602905273438
52.919490814208984 -163.95982360839844
52.73955535888672 -162.84115600585938
52.55727767944336 -161.7300567626953
52.37279510498047 -160.6265106201172
52.186279296875 -159.53050231933594
51.99787902832031 -158.44204711914062
51.80773162841797 -157.3610382080078
51.61598587036133 -156.2875213623047
51.42278289794922 -155.2213592529297
51.22825622558594 -154.16256713867188
51.03254699707031 -153.11105346679688
50.83578109741211 -152.0667266845703
50.638092041015625 -151.029541015625
50.43959426879883 -149.99942016601562
50.24041748046875 -148.97625732421875
50.04068374633789 -147.95997619628906
49.84050750732422 -146.9504852294922
49.64000701904297 -145.94769287109375
49.43928909301758 -144.95147705078125
49.23846435546875 -143.9617919921875
49.03764343261719 -142.97848510742188
48.83692169189453 -142.00148010253906
48.63641357421875 -141.03067016601562
48.436214447021484 -140.0659637451172
48.23641586303711 -139.10719299316406
48.037113189697266 -138.15432739257812
47.838401794433594 -137.20718383789062
47.6403694152832 -136.26573181152344
47.44309997558594 -135.32980346679688
47.246681213378906 -134.39930725097656
47.051185607910156 -133.47413635253906
46.85670471191406 -132.55419921875
46.663291931152344 -131.6393585205078
46.47103500366211 -130.72955322265625
46.28000259399414 -129.82464599609375
46.09025573730469 -128.92454528808594
45.901851654052734 -128.0291748046875
45.71485900878906 -127.13842010498047
45.529335021972656 -126.25221252441406
45.34532928466797 -125.37042999267578
45.162906646728516 -124.4930191040039
44.98209762573242 -123.6198959350586
44.80297088623047 -122.75096893310547
44.62556076049805 -121.88618469238281
44.449913024902344 -121.02546691894531
44.27608108520508 -120.16873931884766
44.104095458984375 -119.31596374511719
43.93400573730469 -118.46707916259766
43.7658576965332 -117.62203216552734
43.59967803955078 -116.78079223632812
43.435523986816406 -115.94329071044922
43.2734260559082 -115.10950469970703
43.113433837890625 -114.2793960571289
42.95559310913086 -113.45292663574219
42.79994201660156 -112.63008880615234
42.646541595458984 -111.81085968017578
42.49543380737305 -110.99518585205078
42.346675872802734 -110.1830825805664
42.200321197509766 -109.37451934814453
42.056427001953125 -108.56948852539062
41.91506576538086 -107.7679672241211
41.77629852294922 -106.96994018554688
41.64019012451172 -106.1753921508789
41.50682067871094 -105.38432312011719
41.376277923583984 -104.59671783447266
41.248626708984375 -103.81255340576172
41.12397384643555 -103.03180694580078
41.00239944458008 -102.25447845458984
40.88400650024414 -101.48054504394531
40.768898010253906 -100.7099609375
40.657169342041016 -99.94271087646484
40.54894256591797 -99.17877960205078
40.44432830810547 -98.41810607910156
40.34343719482422 -97.66065216064453
40.24640655517578 -96.9063949584961
40.15334701538086 -96.15525817871094
40.064388275146484 -95.40721130371094
39.97966766357422 -94.66216278076172
39.89931869506836 -93.92005920410156
39.82346725463867 -93.18083953857422
39.752262115478516 -92.44438934326172
39.68583679199219 -91.71065521240234
39.62432098388672 -90.97952270507812
39.5678596496582 -90.25089263916016
39.516597747802734 -89.52465057373047
39.47065734863281 -88.80069732666016
39.4301872253418 -88.0788803100586
39.39530944824219 -87.35910034179688
39.36616134643555 -86.6412124633789
39.34287643432617 -85.92505645751953
39.3255615234375 -85.21049499511719
39.31435012817383 -84.49734497070312
39.30935287475586 -83.78546905517578
39.310672760009766 -83.07467651367188
39.318424224853516 -82.36479949951172
39.33269119262695 -81.65563201904297
39.35356903076172 -80.94697570800781
39.38113784790039 -80.23863983154297
39.415470123291016 -79.53042602539062
39.45663070678711 -78.82208251953125
39.504669189453125 -78.11341857910156
39.559635162353516 -77.40420532226562
39.62156295776367 -76.69417572021484
